111 111101111111111,11111’,1511011101

77777777777777777777777777 fi7ffi77'7,

Aquar 10111, 1110111110,

5011115101 ,1,11051 11011131οΗ51 .
111111111111111111111111111111511

,1111111.1111111111111]11111111,1, 1115111111), 1,
1111511111,

’1,1 11011111,1,,11”11,11.5,11,

¹ 1150111οε1,11011,ἶο1,
1111001111 11111011111115 ,
1111111,1ο11111 11111, 51],1,
11111111111111, 1101111,
,151111111111,,101111,11110111111,
7707 1110010001 11001111, 0 51115111 ,5105
1111110111111111100,
11101011101111051.

111111,11111111111]1,11111,1111ρ111ί1151111111111111111

11111111 111111 11,]111,1111 777 77757777 pest 7277 15111111
7777 1’1)1111’1”

,ζ Κ,1111,051ορ11,51111111,
1111001111, hnaragdi,
77777'77777770 0111011111,
Ρ11111010,01111 (11001111 (Ξ,
7777777777777777777777777.

77 0111111111, 7737. 511111 0101111011ίῖ,
Rosarum, 1111111111,
0,,,1111111111111111111,,111μ115111,

577 11111111”11,11111111111111,,11]Ῑ111111,
77777 ,1,1 1,1,111 ,1,1

1111111111 1115111111 1111 1111111,
27} 5111101011111111111511,
1101.11115101Γ11,11111111111101,
Pedatam 5105111111, 5]

Offiumdecordec minuma 111,
11111,11111111,1,111,,,1111,”

 

