4, ,44ΞᾸΞ4999 777 777⁷s7p77 777777273 777
, 4Ξ 7777777777771
9993999499 99444 94949 994 777 7777777777g7 9999999 9999 99,
,99999 4999949 999999999[994994 777 77777 999999, 9999994994 7777
9499494999 777 777. 999919994449949999 9Ξ9, 9,,[99999 777 77777C
ΜΞΞᾹΞΜΞ &7777 9994944949449 7⁰7
9 49994, 9499999999Τῖ '¹77 r777777773, C 7 99999444 777 77‘ft7777 99999
777775 54999999ΞΞ 7 99, 7777 9999999999 ‚757 99999 9999449999
4999999999Ξ 7777 4999999999999 7777s7777pac177 ‚7777 ’
77777 7717,7777777777777777777777777777777 777 99999 99499999
7777 7777 77 7777 7777 444 49499999 9999999999 999949Ξ949949,9999,9 7777
8777 7777 7707 ’999 9 99949 999999 777777777'77777777 777 94997999εεῖ
fi77 7777777777777777777777777777 7777777' 9999999999 p777 999999
444 7777] 9999999999, 9949499 ,[999999Ρ9Ξ9999Ῑ99 &777
99994 ,9999 77777777777 -7777775 7777777777777717 77 9999999999
999999 4949994999 77 9999999999, 7777 999, 9999Ξ 99499999 777777777

,49994999 [99999999 99999999 »77777777777777777777 777777777'. 777 999999
Ἑ9999,9999Ξ99Ῐ,Ξ999,Ξ4999999 9999999999, 777· 9999999999999999999.

,3717 [4999

 

