11131131311113133111313551 1315111333333333131331131133133313333

111311111113,313[31.1311111

11 (3311313331 113131 ,111111151ηὲ 1,

315151111151 A.

35111111, DJJJmargaJiton 515,

6011111513511111,

115111151351111111111111

111111131111115111111111511.

8111511011 eqsfcz*
11311111113111311,511311[1111113111111111311,31113111

111511111115113113[311111Ᾱ1313511131113111[11313113511151111331
311311313113131311[3331131113 JJJJJJJJJJJJJJJJJJ 1311131131[1,11313131
3[11131311.1111.5.5...11513 111 3311331113, 5313113311311113113111133,

1331111131111111111511311311111111113,1111111.-Ο31511115111111111111,,1131
1311151113111111[11,11111111113131351113111111351133 11111133 5111111111,

JJl 1111131 [13131 1313151 33111313, Ε1315111311,
25 EIJAJJJJiJ‘DJJphoenJconis

fileJJ. 111111, DJJcaffaean 515,
83111111 albi, 5131111131 fhffiJJ'J.
FJJJJJJJJJ 11111 1111111111,

11131111311133113511131111113 31311111133111113131ψ13131
,11111151

QZ 651111111013111111111 1113313111
1131131113131151111111,111153111111 51
85133. ὓ11111101111113111113111,
1)11111111113.11,Α11111111. 1ο111111111Ξ ,
11113151113111111111111151111111,
1111311131111113313, 11111Ξ11,
351110131111113 1111111513

1115111513εὲ111111313111331111111111

 

